AIE	NIR	rededge	red	green	NDVI	NDRE	GNDVI	SAVI
1.01	0.580	0.292	0.051	0.070	0.838	0.331	0.786	0.702
1.01	0.516	0.274	0.057	0.067	0.838	0.306	0.786	0.641
0.97	0.541	0.276	0.054	0.071	0.838	0.323	0.786	0.666
0.92	0.570	0.291	0.050	0.068	0.839	0.323	0.787	0.697
1.05	0.668	0.219	0.042	0.079	0.881	0.516	0.789	0.775
1.00	0.636	0.203	0.041	0.076	0.878	0.516	0.788	0.758
1.00	0.703	0.224	0.045	0.081	0.880	0.517	0.794	0.791
1.03	0.721	0.236	0.044	0.083	0.886	0.517	0.794	0.804
0.88	0.584	0.295	0.051	0.070	0.794	0.302	0.769	0.705
0.88	0.498	0.267	0.057	0.065	0.794	0.302	0.769	0.627
0.63	0.493	0.266	0.056	0.068	0.795	0.299	0.758	0.624
0.79	0.562	0.281	0.047	0.064	0.795	0.299	0.758	0.697
0.68	0.669	0.213	0.043	0.077	0.878	0.507	0.784	0.774
0.65	0.628	0.205	0.039	0.076	0.878	0.507	0.784	0.757
0.65	0.688	0.227	0.044	0.082	0.879	0.504	0.784	0.784
0.65	0.734	0.233	0.042	0.083	0.879	0.504	0.784	0.813
1.18	0.593	0.304	0.064	0.076	0.828	0.322	0.790	0.687
1.17	0.556	0.275	0.052	0.065	0.828	0.338	0.790	0.682
0.98	0.556	0.276	0.052	0.067	0.828	0.337	0.790	0.682
0.96	0.528	0.274	0.046	0.060	0.840	0.322	0.796	0.673
0.80	0.721	0.216	0.040	0.077	0.894	0.539	0.807	0.809
0.85	0.661	0.209	0.038	0.075	0.890	0.539	0.807	0.778
0.83	0.720	0.232	0.044	0.085	0.885	0.539	0.807	0.803
0.80	0.756	0.233	0.043	0.083	0.892	0.529	0.803	0.823
0.89	0.575	0.293	0.061	0.072	0.809	0.316	0.779	0.679
0.89	0.543	0.273	0.054	0.066	0.809	0.316	0.782	0.669
0.98	0.524	0.270	0.048	0.064	0.809	0.320	0.784	0.665
0.98	0.530	0.278	0.051	0.064	0.809	0.312	0.784	0.666
1.00	0.696	0.216	0.040	0.077	0.888	0.526	0.784	0.796
1.05	0.668	0.219	0.040	0.081	0.888	0.526	0.784	0.780
1.00	0.728	0.224	0.042	0.079	0.890	0.530	0.784	0.810
1.02	0.712	0.216	0.041	0.077	0.890	0.535	0.784	0.803
1.20	0.562	0.281	0.049	0.067	0.838	0.333	0.786	0.692
0.96	0.518	0.276	0.055	0.075	0.838	0.333	0.786	0.647
0.99	0.517	0.271	0.058	0.067	0.838	0.333	0.771	0.641
1.09	0.552	0.287	0.050	0.067	0.834	0.333	0.784	0.684
1.06	0.634	0.193	0.041	0.074	0.879	0.532	0.791	0.757
1.05	0.691	0.216	0.045	0.078	0.877	0.524	0.797	0.784
1.05	0.663	0.216	0.044	0.078	0.875	0.524	0.789	0.769
1.05	0.726	0.239	0.049	0.087	0.873	0.524	0.786	0.796
0.95	0.540	0.277	0.051	0.068	0.826	0.312	0.777	0.672
0.95	0.520	0.272	0.053	0.070	0.814	0.312	0.764	0.652
0.95	0.500	0.268	0.053	0.065	0.809	0.303	0.764	0.637
0.95	0.524	0.274	0.046	0.063	0.809	0.314	0.764	0.671
0.95	0.648	0.200	0.042	0.076	0.873	0.511	0.791	0.764
0.95	0.670	0.207	0.043	0.074	0.873	0.511	0.791	0.776
0.95	0.657	0.213	0.043	0.077	0.873	0.511	0.791	0.768
0.95	0.739	0.244	0.050	0.089	0.873	0.503	0.786	0.801
0.84	0.496	0.249	0.052	0.060	0.810	0.332	0.785	0.635
0.98	0.468	0.248	0.049	0.058	0.809	0.332	0.780	0.618
0.98	0.487	0.250	0.049	0.059	0.818	0.321	0.780	0.634
0.98	0.478	0.252	0.053	0.075	0.818	0.321	0.780	0.618
1.10	0.635	0.197	0.041	0.073	0.878	0.526	0.793	0.757
1.00	0.680	0.216	0.042	0.077	0.883	0.526	0.797	0.783
1.05	0.695	0.223	0.045	0.084	0.880	0.526	0.785	0.787
1.23	0.726	0.243	0.051	0.089	0.880	0.526	0.782	0.793
0.72	0.507	0.261	0.052	0.062	0.809	0.300	0.736	0.643
0.72	0.464	0.250	0.049	0.058	0.809	0.300	0.736	0.614
0.75	0.471	0.254	0.054	0.061	0.796	0.299	0.736	0.611
0.68	0.506	0.261	0.052	0.077	0.813	0.299	0.736	0.643
1.00	0.661	0.206	0.042	0.076	0.867	0.503	0.794	0.771
1.00	0.671	0.214	0.042	0.077	0.867	0.503	0.795	0.777
1.00	0.683	0.215	0.044	0.079	0.867	0.503	0.793	0.781
1.00	0.704	0.233	0.050	0.085	0.867	0.503	0.785	0.782
0.92	0.524	0.260	0.051	0.063	0.822	0.338	0.786	0.660
0.86	0.438	0.253	0.065	0.068	0.822	0.338	0.786	0.557
0.90	0.493	0.260	0.051	0.060	0.831	0.331	0.782	0.636
1.01	0.629	0.316	0.058	0.081	0.831	0.331	0.771	0.721
0.97	0.619	0.196	0.040	0.071	0.879	0.519	0.794	0.750
0.82	0.706	0.223	0.046	0.080	0.877	0.519	0.795	0.791
0.95	0.630	0.211	0.043	0.078	0.877	0.519	0.795	0.751
0.95	0.659	0.227	0.048	0.082	0.877	0.519	0.795	0.759
0.99	0.522	0.265	0.051	0.065	0.821	0.281	0.744	0.657
0.91	0.485	0.273	0.062	0.071	0.773	0.281	0.744	0.606
0.88	0.488	0.261	0.059	0.064	0.785	0.303	0.768	0.615
0.88	0.550	0.278	0.053	0.069	0.823	0.303	0.768	0.676
0.90	0.619	0.197	0.041	0.071	0.860	0.504	0.786	0.747
0.90	0.694	0.218	0.044	0.078	0.860	0.504	0.786	0.788
0.90	0.646	0.213	0.043	0.077	0.860	0.504	0.786	0.762
0.90	0.671	0.231	0.050	0.084	0.860	0.488	0.778	0.762
1.06	0.517	0.276	0.053	0.065	0.831	0.346	0.777	0.649
1.06	0.533	0.279	0.049	0.064	0.831	0.346	0.792	0.670
1.17	0.550	0.267	0.050	0.064	0.834	0.346	0.792	0.682
1.17	0.543	0.287	0.059	0.081	0.834	0.346	0.792	0.658
0.79	0.596	0.196	0.037	0.071	0.882	0.517	0.788	0.739
0.85	0.656	0.220	0.046	0.078	0.882	0.517	0.795	0.762
0.73	0.710	0.226	0.045	0.081	0.881	0.517	0.795	0.795
0.86	0.744	0.235	0.045	0.084	0.885	0.520	0.798	0.813
0.90	0.494	0.269	0.057	0.066	0.792	0.294	0.798	0.623
0.90	0.520	0.277	0.052	0.067	0.792	0.305	0.772	0.655
0.86	0.533	0.270	0.050	0.065	0.792	0.305	0.781	0.670
0.86	0.506	0.266	0.057	0.072	0.799	0.305	0.752	0.634
0.90	0.607	0.198	0.039	0.071	0.879	0.509	0.790	0.743
0.90	0.653	0.215	0.044	0.077	0.874	0.505	0.789	0.763
0.90	0.704	0.226	0.043	0.080	0.874	0.505	0.789	0.795
0.90	0.718	0.230	0.045	0.081	0.874	0.505	0.789	0.800
1.46	0.421	0.223	0.048	0.053	0.844	0.326	0.777	0.577
1.46	0.622	0.316	0.053	0.084	0.844	0.326	0.777	0.727
1.46	0.444	0.239	0.048	0.058	0.844	0.326	0.770	0.599
1.46	0.494	0.259	0.056	0.085	0.844	0.326	0.770	0.625
0.94	0.619	0.202	0.039	0.073	0.882	0.512	0.789	0.752
0.94	0.665	0.218	0.045	0.079	0.882	0.512	0.787	0.768
0.97	0.728	0.235	0.043	0.085	0.888	0.512	0.791	0.808
0.97	0.732	0.236	0.046	0.084	0.882	0.512	0.793	0.806
0.67	0.464	0.245	0.051	0.060	0.802	0.309	0.762	0.610
0.74	0.641	0.329	0.057	0.087	0.802	0.309	0.762	0.732
0.74	0.433	0.236	0.051	0.057	0.789	0.294	0.762	0.582
0.72	0.527	0.268	0.054	0.084	0.789	0.294	0.726	0.656
0.90	0.625	0.194	0.039	0.071	0.871	0.515	0.796	0.756
0.90	0.660	0.211	0.043	0.077	0.871	0.515	0.791	0.769
0.90	0.708	0.228	0.043	0.081	0.871	0.513	0.791	0.798
0.90	0.737	0.233	0.045	0.083	0.871	0.513	0.791	0.810
1.25	0.625	0.312	0.058	0.078	0.831	0.334	0.778	0.720
1.21	0.535	0.272	0.053	0.065	0.831	0.325	0.784	0.665
1.21	0.595	0.295	0.055	0.085	0.830	0.337	0.784	0.704
1.21	0.565	0.292	0.060	0.075	0.830	0.319	0.784	0.674
0.73	0.667	0.216	0.042	0.079	0.882	0.512	0.788	0.776
0.73	0.645	0.207	0.038	0.075	0.890	0.514	0.791	0.771
0.73	0.712	0.227	0.042	0.080	0.888	0.517	0.798	0.801
0.73	0.716	0.230	0.041	0.081	0.892	0.513	0.796	0.805
1.26	0.614	0.312	0.055	0.075	0.835	0.326	0.761	0.717
1.26	0.517	0.268	0.051	0.063	0.821	0.318	0.761	0.655
1.31	0.587	0.293	0.052	0.080	0.838	0.334	0.761	0.705
1.31	0.531	0.272	0.060	0.070	0.798	0.322	0.766	0.648
0.70	0.681	0.218	0.045	0.082	0.877	0.515	0.786	0.779
0.70	0.635	0.214	0.040	0.079	0.877	0.495	0.779	0.760
0.70	0.722	0.233	0.046	0.083	0.877	0.512	0.795	0.799
0.70	0.690	0.224	0.042	0.079	0.877	0.510	0.795	0.789
1.10	0.536	0.278	0.061	0.070	0.834	0.318	0.789	0.650
1.10	0.536	0.269	0.053	0.067	0.834	0.332	0.789	0.665
1.00	0.523	0.266	0.054	0.066	0.834	0.326	0.789	0.654
1.01	0.598	0.297	0.054	0.070	0.834	0.336	0.789	0.708
1.35	0.693	0.215	0.043	0.078	0.883	0.527	0.797	0.789
1.28	0.688	0.210	0.042	0.077	0.886	0.532	0.799	0.788
1.29	0.672	0.229	0.049	0.084	0.876	0.492	0.799	0.766
1.30	0.653	0.213	0.043	0.077	0.876	0.507	0.799	0.765
0.85	0.525	0.272	0.058	0.067	0.802	0.318	0.772	0.647
0.85	0.532	0.268	0.052	0.065	0.823	0.330	0.772	0.664
0.85	0.513	0.265	0.053	0.066	0.812	0.319	0.771	0.646
0.91	0.571	0.284	0.052	0.068	0.812	0.335	0.771	0.692
1.10	0.693	0.216	0.043	0.077	0.861	0.524	0.768	0.788
1.10	0.694	0.219	0.040	0.079	0.861	0.521	0.768	0.795
1.10	0.672	0.238	0.050	0.088	0.861	0.477	0.768	0.764
1.10	0.628	0.207	0.040	0.073	0.861	0.504	0.768	0.756
1.11	0.566	0.287	0.056	0.071	0.838	0.327	0.795	0.682
0.95	0.530	0.262	0.047	0.060	0.838	0.338	0.795	0.673
1.01	0.567	0.283	0.054	0.081	0.838	0.334	0.795	0.686
0.91	0.572	0.290	0.057	0.072	0.838	0.327	0.795	0.685
0.91	0.704	0.220	0.044	0.082	0.863	0.524	0.804	0.794
0.91	0.716	0.213	0.042	0.078	0.863	0.542	0.804	0.804
0.91	0.690	0.230	0.051	0.085	0.863	0.499	0.804	0.773
0.91	0.650	0.195	0.041	0.070	0.863	0.539	0.806	0.767
1.09	0.533	0.271	0.053	0.066	0.833	0.325	0.779	0.662
0.96	0.537	0.270	0.049	0.064	0.833	0.331	0.779	0.674
0.96	0.534	0.277	0.054	0.075	0.830	0.316	0.753	0.661
0.99	0.546	0.268	0.051	0.066	0.830	0.341	0.753	0.677
0.80	0.688	0.211	0.043	0.077	0.861	0.530	0.799	0.785
0.80	0.722	0.224	0.043	0.082	0.861	0.526	0.795	0.805
0.80	0.691	0.239	0.052	0.087	0.861	0.485	0.776	0.772
0.80	0.655	0.205	0.040	0.072	0.861	0.523	0.776	0.773
0.97	0.533	0.275	0.057	0.069	0.832	0.319	0.782	0.655
0.90	0.544	0.285	0.050	0.067	0.832	0.313	0.782	0.677
1.08	0.519	0.268	0.053	0.066	0.832	0.318	0.782	0.652
1.08	0.579	0.298	0.059	0.075	0.832	0.321	0.782	0.685
0.82	0.670	0.208	0.043	0.081	0.880	0.526	0.791	0.776
0.80	0.709	0.223	0.047	0.083	0.876	0.522	0.791	0.791
0.80	0.716	0.232	0.049	0.085	0.871	0.510	0.791	0.791
0.80	0.699	0.230	0.043	0.082	0.884	0.505	0.790	0.792
1.04	0.521	0.268	0.052	0.066	0.817	0.320	0.776	0.655
1.06	0.560	0.295	0.053	0.072	0.817	0.310	0.773	0.683
1.10	0.526	0.275	0.055	0.068	0.811	0.314	0.770	0.654
0.85	0.526	0.271	0.056	0.069	0.809	0.320	0.769	0.652
1.04	0.698	0.220	0.044	0.083	0.880	0.521	0.769	0.784
1.04	0.690	0.220	0.045	0.080	0.880	0.516	0.769	0.784
1.04	0.714	0.233	0.047	0.084	0.880	0.508	0.769	0.784
1.04	0.677	0.218	0.041	0.077	0.880	0.513	0.769	0.782
