CE NIR rededge red green NDVI NDRE GNDVI SAVI
18.46 0.58 0.292 0.051 0.07 0.838 0.331 0.786 0.702
17.32 0.516 0.274 0.057 0.067 0.838 0.306 0.786 0.641
17.86 0.636 0.203 0.041 0.076 0.878 0.516 0.788 0.758
17.69 0.721 0.236 0.044 0.083 0.886 0.517 0.794 0.804
18.38 0.584 0.295 0.051 0.07 0.794 0.302 0.769 0.705
18.66 0.498 0.267 0.057 0.065 0.794 0.302 0.769 0.627
21.24 0.493 0.266 0.056 0.068 0.795 0.299 0.758 0.624
18.46 0.562 0.281 0.047 0.064 0.795 0.299 0.758 0.697
12.34 0.669 0.213 0.043 0.077 0.878 0.507 0.784 0.774
12.09 0.688 0.227 0.044 0.082 0.879 0.504 0.784 0.784
12.21 0.734 0.233 0.042 0.083 0.879 0.504 0.784 0.813
18.14 0.593 0.304 0.064 0.076 0.828 0.322 0.79 0.687
18.1 0.556 0.275 0.052 0.065 0.828 0.338 0.79 0.682
21.78 0.556 0.276 0.052 0.067 0.828 0.337 0.79 0.682
19.24 0.528 0.274 0.046 0.06 0.84 0.322 0.796 0.673
14.85 0.721 0.216 0.04 0.077 0.894 0.539 0.807 0.809
14.53 0.661 0.209 0.038 0.075 0.89 0.539 0.807 0.778
14.92 0.72 0.232 0.044 0.085 0.885 0.539 0.807 0.803
17.42 0.575 0.293 0.061 0.072 0.809 0.316 0.779 0.679
17.86 0.543 0.273 0.054 0.066 0.809 0.316 0.782 0.669
17.42 0.524 0.27 0.048 0.064 0.809 0.32 0.784 0.665
12.01 0.696 0.216 0.04 0.077 0.888 0.526 0.784 0.796
11.83 0.728 0.224 0.042 0.079 0.89 0.53 0.784 0.81
19.42 0.518 0.276 0.055 0.075 0.838 0.333 0.786 0.647
16.28 0.517 0.271 0.058 0.067 0.838 0.333 0.771 0.641
17.2 0.552 0.287 0.05 0.067 0.834 0.333 0.784 0.684
18.04 0.634 0.193 0.041 0.074 0.879 0.532 0.791 0.757
18 0.691 0.216 0.045 0.078 0.877 0.524 0.797 0.784
17.94 0.726 0.239 0.049 0.087 0.873 0.524 0.786 0.796
16.56 0.54 0.277 0.051 0.068 0.826 0.312 0.777 0.672
18.82 0.52 0.272 0.053 0.07 0.814 0.312 0.764 0.652
18.06 0.5 0.268 0.053 0.065 0.809 0.303 0.764 0.637
17.44 0.524 0.274 0.046 0.063 0.809 0.314 0.764 0.671
12.89 0.648 0.2 0.042 0.076 0.873 0.511 0.791 0.764
12.74 0.67 0.207 0.043 0.074 0.873 0.511 0.791 0.776
12.74 0.657 0.213 0.043 0.077 0.873 0.511 0.791 0.768
16.82 0.496 0.249 0.052 0.06 0.81 0.332 0.785 0.635
16.3 0.468 0.248 0.049 0.058 0.809 0.332 0.78 0.618
16.8 0.487 0.25 0.049 0.059 0.818 0.321 0.78 0.634
18.42 0.478 0.252 0.053 0.075 0.818 0.321 0.78 0.618
19.21 0.635 0.197 0.041 0.073 0.878 0.526 0.793 0.757
18.95 0.68 0.216 0.042 0.077 0.883 0.526 0.797 0.783
18.3 0.695 0.223 0.045 0.084 0.88 0.526 0.785 0.787
19.07 0.726 0.243 0.051 0.089 0.88 0.526 0.782 0.793
16.64 0.507 0.261 0.052 0.062 0.809 0.3 0.736 0.643
18.04 0.464 0.25 0.049 0.058 0.809 0.3 0.736 0.614
18.42 0.471 0.254 0.054 0.061 0.796 0.299 0.736 0.611
18.24 0.506 0.261 0.052 0.077 0.813 0.299 0.736 0.643
12.06 0.661 0.206 0.042 0.076 0.867 0.503 0.794 0.771
11.74 0.671 0.214 0.042 0.077 0.867 0.503 0.795 0.777
11.7 0.683 0.215 0.044 0.079 0.867 0.503 0.793 0.781
11.71 0.704 0.233 0.05 0.085 0.867 0.503 0.785 0.782
15.7 0.524 0.26 0.051 0.063 0.822 0.338 0.786 0.66
16.74 0.493 0.26 0.051 0.06 0.831 0.331 0.782 0.636
17.38 0.629 0.316 0.058 0.081 0.831 0.331 0.771 0.721
16.32 0.619 0.196 0.04 0.071 0.879 0.519 0.794 0.75
17.52 0.706 0.223 0.046 0.08 0.877 0.519 0.795 0.791
17.41 0.63 0.211 0.043 0.078 0.877 0.519 0.795 0.751
18.98 0.485 0.273 0.062 0.071 0.773 0.281 0.744 0.606
19.66 0.55 0.278 0.053 0.069 0.823 0.303 0.768 0.676
11.05 0.619 0.197 0.041 0.071 0.86 0.504 0.786 0.747
11.2 0.646 0.213 0.043 0.077 0.86 0.504 0.786 0.762
11.28 0.671 0.231 0.05 0.084 0.86 0.488 0.778 0.762
17.7 0.517 0.276 0.053 0.065 0.831 0.346 0.777 0.649
17.84 0.533 0.279 0.049 0.064 0.831 0.346 0.792 0.67
19.64 0.55 0.267 0.05 0.064 0.834 0.346 0.792 0.682
16.68 0.543 0.287 0.059 0.081 0.834 0.346 0.792 0.658
14.8 0.596 0.196 0.037 0.071 0.882 0.517 0.788 0.739
14.23 0.656 0.22 0.046 0.078 0.882 0.517 0.795 0.762
14.67 0.744 0.235 0.045 0.084 0.885 0.52 0.798 0.813
19.08 0.52 0.277 0.052 0.067 0.792 0.305 0.772 0.655
16.38 0.533 0.27 0.05 0.065 0.792 0.305 0.781 0.67
19.9 0.506 0.266 0.057 0.072 0.799 0.305 0.752 0.634
11.36 0.607 0.198 0.039 0.071 0.879 0.509 0.79 0.743
12.01 0.653 0.215 0.044 0.077 0.874 0.505 0.789 0.763
12.02 0.704 0.226 0.043 0.08 0.874 0.505 0.789 0.795
11.49 0.718 0.23 0.045 0.081 0.874 0.505 0.789 0.8
19.9 0.421 0.223 0.048 0.053 0.844 0.326 0.777 0.577
18.54 0.622 0.316 0.053 0.084 0.844 0.326 0.777 0.727
15.18 0.444 0.239 0.048 0.058 0.844 0.326 0.77 0.599
17.26 0.494 0.259 0.056 0.085 0.844 0.326 0.77 0.625
18 0.665 0.218 0.045 0.079 0.882 0.512 0.787 0.768
17.6 0.732 0.236 0.046 0.084 0.882 0.512 0.793 0.806
18.76 0.464 0.245 0.051 0.06 0.802 0.309 0.762 0.61
16.22 0.641 0.329 0.057 0.087 0.802 0.309 0.762 0.732
18.48 0.433 0.236 0.051 0.057 0.789 0.294 0.762 0.582
18.72 0.527 0.268 0.054 0.084 0.789 0.294 0.726 0.656
13.07 0.66 0.211 0.043 0.077 0.871 0.515 0.791 0.769
12.93 0.708 0.228 0.043 0.081 0.871 0.513 0.791 0.798
13.08 0.737 0.233 0.045 0.083 0.871 0.513 0.791 0.81
19.58 0.625 0.312 0.058 0.078 0.831 0.334 0.778 0.72
14.48 0.535 0.272 0.053 0.065 0.831 0.325 0.784 0.665
18.7 0.595 0.295 0.055 0.085 0.83 0.337 0.784 0.704
19.56 0.565 0.292 0.06 0.075 0.83 0.319 0.784 0.674
13.6 0.667 0.216 0.042 0.079 0.882 0.512 0.788 0.776
13.7 0.645 0.207 0.038 0.075 0.89 0.514 0.791 0.771
14.01 0.712 0.227 0.042 0.08 0.888 0.517 0.798 0.801
17.96 0.614 0.312 0.055 0.075 0.835 0.326 0.761 0.717
16.74 0.587 0.293 0.052 0.08 0.838 0.334 0.761 0.705
19.02 0.531 0.272 0.06 0.07 0.798 0.322 0.766 0.648
11.36 0.635 0.214 0.04 0.079 0.877 0.495 0.779 0.76
11.4 0.722 0.233 0.046 0.083 0.877 0.512 0.795 0.799
11.27 0.69 0.224 0.042 0.079 0.877 0.51 0.795 0.789
16.32 0.536 0.278 0.061 0.07 0.834 0.318 0.789 0.65
15.06 0.523 0.266 0.054 0.066 0.834 0.326 0.789 0.654
16.04 0.693 0.215 0.043 0.078 0.883 0.527 0.797 0.789
15.92 0.688 0.21 0.042 0.077 0.886 0.532 0.799 0.788
16.13 0.672 0.229 0.049 0.084 0.876 0.492 0.799 0.766
16 0.653 0.213 0.043 0.077 0.876 0.507 0.799 0.765
16.1 0.525 0.272 0.058 0.067 0.802 0.318 0.772 0.647
18.94 0.532 0.268 0.052 0.065 0.823 0.33 0.772 0.664
22.72 0.571 0.284 0.052 0.068 0.812 0.335 0.771 0.692
11.58 0.672 0.238 0.05 0.088 0.861 0.477 0.768 0.764
19.02 0.566 0.287 0.056 0.071 0.838 0.327 0.795 0.682
18.42 0.53 0.262 0.047 0.06 0.838 0.338 0.795 0.673
19.96 0.567 0.283 0.054 0.081 0.838 0.334 0.795 0.686
22.52 0.572 0.29 0.057 0.072 0.838 0.327 0.795 0.685
11.9 0.704 0.22 0.044 0.082 0.863 0.524 0.804 0.794
13.47 0.716 0.213 0.042 0.078 0.863 0.542 0.804 0.804
19 0.533 0.271 0.053 0.066 0.833 0.325 0.779 0.662
17.54 0.537 0.27 0.049 0.064 0.833 0.331 0.779 0.674
16.98 0.534 0.277 0.054 0.075 0.83 0.316 0.753 0.661
23.78 0.546 0.268 0.051 0.066 0.83 0.341 0.753 0.677
11.73 0.688 0.211 0.043 0.077 0.861 0.53 0.799 0.785
11.7 0.722 0.224 0.043 0.082 0.861 0.526 0.795 0.805
11.69 0.691 0.239 0.052 0.087 0.861 0.485 0.776 0.772
11.55 0.655 0.205 0.04 0.072 0.861 0.523 0.776 0.773
21.1 0.519 0.268 0.053 0.066 0.832 0.318 0.782 0.652
19.94 0.579 0.298 0.059 0.075 0.832 0.321 0.782 0.685
12.58 0.67 0.208 0.043 0.081 0.88 0.526 0.791 0.776
12.5 0.709 0.223 0.047 0.083 0.876 0.522 0.791 0.791
12.63 0.716 0.232 0.049 0.085 0.871 0.51 0.791 0.791
12.71 0.699 0.23 0.043 0.082 0.884 0.505 0.79 0.792
16.9 0.521 0.268 0.052 0.066 0.817 0.32 0.776 0.655
19.16 0.56 0.295 0.053 0.072 0.817 0.31 0.773 0.683
18.68 0.526 0.275 0.055 0.068 0.811 0.314 0.77 0.654
11.66 0.698 0.22 0.044 0.083 0.88 0.521 0.769 0.784
11.61 0.69 0.22 0.045 0.08 0.88 0.516 0.769 0.784
11.35 0.714 0.233 0.047 0.084 0.88 0.508 0.769 0.784
11.39 0.677 0.218 0.041 0.077 0.88 0.513 0.769 0.782
