NGF NIR rededge red green NDVI NDRE GNDVI SAVI
31 0.58 0.292 0.051 0.07 0.838 0.331 0.786 0.702
31.4 0.516 0.274 0.057 0.067 0.838 0.306 0.786 0.641
29 0.541 0.276 0.054 0.071 0.838 0.323 0.786 0.666
29 0.57 0.291 0.05 0.068 0.839 0.323 0.787 0.697
26 0.668 0.219 0.042 0.079 0.881 0.516 0.789 0.775
25 0.703 0.224 0.045 0.081 0.88 0.517 0.794 0.791
26 0.721 0.236 0.044 0.083 0.886 0.517 0.794 0.804
31.4 0.584 0.295 0.051 0.07 0.794 0.302 0.769 0.705
28.4 0.498 0.267 0.057 0.065 0.794 0.302 0.769 0.627
32.6 0.493 0.266 0.056 0.068 0.795 0.299 0.758 0.624
30 0.562 0.281 0.047 0.064 0.795 0.299 0.758 0.697
20 0.628 0.205 0.039 0.076 0.878 0.507 0.784 0.757
18 0.734 0.233 0.042 0.083 0.879 0.504 0.784 0.813
34 0.593 0.304 0.064 0.076 0.828 0.322 0.79 0.687
33 0.556 0.275 0.052 0.065 0.828 0.338 0.79 0.682
21 0.721 0.216 0.04 0.077 0.894 0.539 0.807 0.809
20 0.661 0.209 0.038 0.075 0.89 0.539 0.807 0.778
20 0.756 0.233 0.043 0.083 0.892 0.529 0.803 0.823
28 0.575 0.293 0.061 0.072 0.809 0.316 0.779 0.679
32.2 0.543 0.273 0.054 0.066 0.809 0.316 0.782 0.669
28 0.524 0.27 0.048 0.064 0.809 0.32 0.784 0.665
23 0.53 0.278 0.051 0.064 0.809 0.312 0.784 0.666
16 0.696 0.216 0.04 0.077 0.888 0.526 0.784 0.796
14 0.668 0.219 0.04 0.081 0.888 0.526 0.784 0.78
13 0.728 0.224 0.042 0.079 0.89 0.53 0.784 0.81
11 0.712 0.216 0.041 0.077 0.89 0.535 0.784 0.803
34.4 0.518 0.276 0.055 0.075 0.838 0.333 0.786 0.647
31 0.634 0.193 0.041 0.074 0.879 0.532 0.791 0.757
30 0.691 0.216 0.045 0.078 0.877 0.524 0.797 0.784
31 0.663 0.216 0.044 0.078 0.875 0.524 0.789 0.769
28.4 0.54 0.277 0.051 0.068 0.826 0.312 0.777 0.672
34.2 0.52 0.272 0.053 0.07 0.814 0.312 0.764 0.652
33.6 0.5 0.268 0.053 0.065 0.809 0.303 0.764 0.637
33.8 0.524 0.274 0.046 0.063 0.809 0.314 0.764 0.671
17 0.648 0.2 0.042 0.076 0.873 0.511 0.791 0.764
27.8 0.496 0.249 0.052 0.06 0.81 0.332 0.785 0.635
32 0.468 0.248 0.049 0.058 0.809 0.332 0.78 0.618
29.4 0.487 0.25 0.049 0.059 0.818 0.321 0.78 0.634
30 0.635 0.197 0.041 0.073 0.878 0.526 0.793 0.757
30.8 0.68 0.216 0.042 0.077 0.883 0.526 0.797 0.783
30.1 0.695 0.223 0.045 0.084 0.88 0.526 0.785 0.787
30.2 0.726 0.243 0.051 0.089 0.88 0.526 0.782 0.793
28.8 0.507 0.261 0.052 0.062 0.809 0.3 0.736 0.643
28.6 0.464 0.25 0.049 0.058 0.809 0.3 0.736 0.614
28.8 0.471 0.254 0.054 0.061 0.796 0.299 0.736 0.611
37 0.506 0.261 0.052 0.077 0.813 0.299 0.736 0.643
13 0.661 0.206 0.042 0.076 0.867 0.503 0.794 0.771
12 0.671 0.214 0.042 0.077 0.867 0.503 0.795 0.777
11 0.683 0.215 0.044 0.079 0.867 0.503 0.793 0.781
30.6 0.524 0.26 0.051 0.063 0.822 0.338 0.786 0.66
30.6 0.438 0.253 0.065 0.068 0.822 0.338 0.786 0.557
37 0.629 0.316 0.058 0.081 0.831 0.331 0.771 0.721
30 0.619 0.196 0.04 0.071 0.879 0.519 0.794 0.75
29 0.706 0.223 0.046 0.08 0.877 0.519 0.795 0.791
31 0.63 0.211 0.043 0.078 0.877 0.519 0.795 0.751
30 0.659 0.227 0.048 0.082 0.877 0.519 0.795 0.759
30.6 0.522 0.265 0.051 0.065 0.821 0.281 0.744 0.657
21.6 0.485 0.273 0.062 0.071 0.773 0.281 0.744 0.606
34.8 0.55 0.278 0.053 0.069 0.823 0.303 0.768 0.676
11 0.619 0.197 0.041 0.071 0.86 0.504 0.786 0.747
11 0.646 0.213 0.043 0.077 0.86 0.504 0.786 0.762
12 0.671 0.231 0.05 0.084 0.86 0.488 0.778 0.762
31 0.533 0.279 0.049 0.064 0.831 0.346 0.792 0.67
36.4 0.55 0.267 0.05 0.064 0.834 0.346 0.792 0.682
32.8 0.543 0.287 0.059 0.081 0.834 0.346 0.792 0.658
28 0.596 0.196 0.037 0.071 0.882 0.517 0.788 0.739
22 0.656 0.22 0.046 0.078 0.882 0.517 0.795 0.762
27 0.744 0.235 0.045 0.084 0.885 0.52 0.798 0.813
26.2 0.494 0.269 0.057 0.066 0.792 0.294 0.798 0.623
34 0.52 0.277 0.052 0.067 0.792 0.305 0.772 0.655
36.2 0.506 0.266 0.057 0.072 0.799 0.305 0.752 0.634
13 0.607 0.198 0.039 0.071 0.879 0.509 0.79 0.743
10 0.653 0.215 0.044 0.077 0.874 0.505 0.789 0.763
10 0.704 0.226 0.043 0.08 0.874 0.505 0.789 0.795
34.4 0.421 0.223 0.048 0.053 0.844 0.326 0.777 0.577
28.8 0.622 0.316 0.053 0.084 0.844 0.326 0.777 0.727
27.2 0.444 0.239 0.048 0.058 0.844 0.326 0.77 0.599
30.8 0.494 0.259 0.056 0.085 0.844 0.326 0.77 0.625
28 0.619 0.202 0.039 0.073 0.882 0.512 0.789 0.752
31 0.665 0.218 0.045 0.079 0.882 0.512 0.787 0.768
30.4 0.464 0.245 0.051 0.06 0.802 0.309 0.762 0.61
32.6 0.641 0.329 0.057 0.087 0.802 0.309 0.762 0.732
32.2 0.433 0.236 0.051 0.057 0.789 0.294 0.762 0.582
35.2 0.527 0.268 0.054 0.084 0.789 0.294 0.726 0.656
16 0.66 0.211 0.043 0.077 0.871 0.515 0.791 0.769
19 0.708 0.228 0.043 0.081 0.871 0.513 0.791 0.798
15 0.737 0.233 0.045 0.083 0.871 0.513 0.791 0.81
32.8 0.625 0.312 0.058 0.078 0.831 0.334 0.778 0.72
30.2 0.535 0.272 0.053 0.065 0.831 0.325 0.784 0.665
33.8 0.595 0.295 0.055 0.085 0.83 0.337 0.784 0.704
20 0.667 0.216 0.042 0.079 0.882 0.512 0.788 0.776
18 0.645 0.207 0.038 0.075 0.89 0.514 0.791 0.771
20 0.712 0.227 0.042 0.08 0.888 0.517 0.798 0.801
17 0.716 0.23 0.041 0.081 0.892 0.513 0.796 0.805
31.8 0.614 0.312 0.055 0.075 0.835 0.326 0.761 0.717
31.8 0.531 0.272 0.06 0.07 0.798 0.322 0.766 0.648
13 0.635 0.214 0.04 0.079 0.877 0.495 0.779 0.76
10 0.722 0.233 0.046 0.083 0.877 0.512 0.795 0.799
11 0.69 0.224 0.042 0.079 0.877 0.51 0.795 0.789
30 0.536 0.278 0.061 0.07 0.834 0.318 0.789 0.65
40.2 0.536 0.269 0.053 0.067 0.834 0.332 0.789 0.665
29.4 0.523 0.266 0.054 0.066 0.834 0.326 0.789 0.654
36.8 0.598 0.297 0.054 0.07 0.834 0.336 0.789 0.708
32 0.688 0.21 0.042 0.077 0.886 0.532 0.799 0.788
29 0.653 0.213 0.043 0.077 0.876 0.507 0.799 0.765
27.25 0.525 0.272 0.058 0.067 0.802 0.318 0.772 0.647
36 0.571 0.284 0.052 0.068 0.812 0.335 0.771 0.692
12 0.693 0.216 0.043 0.077 0.861 0.524 0.768 0.788
15 0.694 0.219 0.04 0.079 0.861 0.521 0.768 0.795
13 0.672 0.238 0.05 0.088 0.861 0.477 0.768 0.764
16 0.628 0.207 0.04 0.073 0.861 0.504 0.768 0.756
30.8 0.566 0.287 0.056 0.071 0.838 0.327 0.795 0.682
36.8 0.53 0.262 0.047 0.06 0.838 0.338 0.795 0.673
31.4 0.567 0.283 0.054 0.081 0.838 0.334 0.795 0.686
38 0.572 0.29 0.057 0.072 0.838 0.327 0.795 0.685
18 0.716 0.213 0.042 0.078 0.863 0.542 0.804 0.804
19 0.69 0.23 0.051 0.085 0.863 0.499 0.804 0.773
26 0.533 0.271 0.053 0.066 0.833 0.325 0.779 0.662
28.6 0.537 0.27 0.049 0.064 0.833 0.331 0.779 0.674
23.8 0.534 0.277 0.054 0.075 0.83 0.316 0.753 0.661
33.8 0.546 0.268 0.051 0.066 0.83 0.341 0.753 0.677
16 0.688 0.211 0.043 0.077 0.861 0.53 0.799 0.785
14 0.722 0.224 0.043 0.082 0.861 0.526 0.795 0.805
13 0.691 0.239 0.052 0.087 0.861 0.485 0.776 0.772
15 0.655 0.205 0.04 0.072 0.861 0.523 0.776 0.773
35.4 0.533 0.275 0.057 0.069 0.832 0.319 0.782 0.655
31.2 0.544 0.285 0.05 0.067 0.832 0.313 0.782 0.677
32.8 0.519 0.268 0.053 0.066 0.832 0.318 0.782 0.652
32.6 0.579 0.298 0.059 0.075 0.832 0.321 0.782 0.685
21 0.67 0.208 0.043 0.081 0.88 0.526 0.791 0.776
20 0.709 0.223 0.047 0.083 0.876 0.522 0.791 0.791
22 0.716 0.232 0.049 0.085 0.871 0.51 0.791 0.791
25 0.699 0.23 0.043 0.082 0.884 0.505 0.79 0.792
29 0.521 0.268 0.052 0.066 0.817 0.32 0.776 0.655
29.8 0.526 0.275 0.055 0.068 0.811 0.314 0.77 0.654
33.6 0.526 0.271 0.056 0.069 0.809 0.32 0.769 0.652
11 0.698 0.22 0.044 0.083 0.88 0.521 0.769 0.784
16 0.69 0.22 0.045 0.08 0.88 0.516 0.769 0.784
15 0.714 0.233 0.047 0.084 0.88 0.508 0.769 0.784
11 0.677 0.218 0.041 0.077 0.88 0.513 0.769 0.782
